{
    "editables": {
      "Cone": {
        "type": "mesh",
        "properties": {
          "transform": [
            1,
            0,
            0,
            0,
            0,
            -3.9141105694149747,
            0.006233827520022446,
            0,
            0,
            -0.0015926529164868282,
            -0.9999987317275396,
            0,
            5.678434881261092,
            2.3639779028073242,
            5.644461206956171,
            1
          ]
        }
      },
      "Scoop 1": {
        "type": "mesh",
        "properties": { "transform": [1, 0, 0, 0, 0, 1, 0, 0, 0, 0, 1, 0, 6.288840033330873, 4.473745175721543, 6.116068869046489, 1] }
      },
      "Scoop 2": {
        "type": "mesh",
        "properties": { "transform": [1, 0, 0, 0, 0, 1, 0, 0, 0, 0, 1, 0, 5.2751366171094185, 4.456232017947887, 5.98983879594731, 1] }
      },
      "Scoop 3": {
        "type": "mesh",
        "properties": { "transform": [1, 0, 0, 0, 0, 1, 0, 0, 0, 0, 1, 0, 5.644021917169106, 4.685425078966667, 4.883815217105002, 1] }
      },
      "Ice Cream": { "type": "group", "properties": { "transform": [1, 0, 0, 0, 0, 1, 0, 0, 0, 0, 1, 0, 0, -1.2419801658222331, 0, 1] } },
      "Key Light": {
        "type": "spotLight",
        "properties": { "transform": [1, 0, 0, 0, 0, 1, 0, 0, 0, 0, 1, 0, 30.067200603310127, 19.388652864314597, 33.70586606658143, 1] }
      },
      "Fill Light": {
        "type": "spotLight",
        "properties": { "transform": [1, 0, 0, 0, 0, 1, 0, 0, 0, 0, 1, 0, -30.804793397732805, 25.12429092892748, 17.747477986332868, 1] }
      },
      "Ground": {
        "type": "mesh",
        "properties": {
          "transform": [
            1000,
            0,
            0,
            0,
            0,
            0.7963267107332639,
            -999.9996829318347,
            0,
            0,
            999.9996829318347,
            0.7963267107332639,
            0,
            -0.12,
            0,
            0,
            1
          ]
        }
      },
      "Suzanne": {
        "type": "group",
        "properties": {
          "transform": [
            2.5683637889675004,
            0,
            0,
            0,
            0,
            2.5683637889675004,
            0,
            0,
            0,
            0,
            2.5683637889675004,
            0,
            1.635101202419599,
            9.89077195552535,
            -6.684703523348739,
            1
          ]
        }
      },
      "Camera": {
        "type": "perspectiveCamera",
        "properties": {
          "transform": [
            0.9347297507808539,
            -1.3877787807814457e-17,
            0.35535938570011477,
            0,
            0.1283613735717968,
            0.9324823054414381,
            -0.3376390199804845,
            0,
            -0.3313663392378962,
            0.3612156558603467,
            0.8716189529728315,
            0,
            -11.294459629872442,
            22.789592058199574,
            29.24892567870086,
            1
          ]
        }
      },
      "Lid": {
        "type": "mesh",
        "properties": {
          "transform": [
            0.7171522238778312,
            0.15590644455041347,
            -0.6792539056455472,
            0,
            0.5148770144771097,
            0.5383253496866824,
            0.6671637563955712,
            0,
            0.46967472547521577,
            -0.8281901946004673,
            0.3057885769897576,
            0,
            -0.4027069031748977,
            7.948164179582245,
            11.857428932482573,
            1
          ]
        }
      },
      "Suitcase": {
        "type": "group",
        "properties": {
          "transform": [
            -1,
            5.934608638338118e-17,
            -1.0712441298599884e-16,
            0,
            6.162975822039155e-33,
            0.8747372145224487,
            0.4845975707012032,
            0,
            1.2246467991473532e-16,
            0.4845975707012032,
            -0.8747372145224488,
            0,
            0,
            4.515904755683942,
            0,
            1
          ]
        }
      }
    }
  }
  